Channel 0 W:
1.725521 1.6736616 -0.91767526 -0.20858918 -0.20132367 -0.63238 1.8253472 -1.1553572 -1.4503953 -0.3674767
-0.10776414 0.3139377 -0.26941243 0.2968103 -0.67392236 1.1518157 0.15954605 0.05661167 0.7039819 -0.34601942
-0.06584054 0.7233534 -0.100468874 0.40436256 -0.488107 0.064093485 0.10522779 -0.39233616 0.07820215 0.21652526
-0.4377348 0.8297739 -0.4305013 -0.32075435 -1.1925694 1.0332226 -0.4858828 0.80083084 0.75241464 -0.042038504
0.37552455 1.0267423 -0.07788895 0.56116354 -0.12052696 -0.75819683 0.58687824 -1.0245835 -0.6661273 0.38066077
-0.03796775 1.1492558 -0.3048261 -0.15078887 -1.076749 0.10198798 -0.34200662 0.054809444 0.093946554 0.45450664
-0.38854042 0.8094445 -0.11002016 0.039877184 -1.1984484 0.4508473 -0.7278319 0.17332546 0.5592739 0.53989476
0.03650761 0.19298819 -0.094095 0.753148 -0.10673517 0.77275926 0.6329845 -0.4586712 0.32872242 -0.41925597
0.17358407 1.0206696 -0.10244027 0.43129337 -0.33915955 -0.48077598 0.3155925 -0.7016963 -0.41139367 0.3875142
-1.3058262 -0.041539736 0.23303685 0.82437843 -0.12562115 1.0089917 -0.3464049 0.521107 1.0741936 -0.22688921
0.2904568 0.97755545 -0.32698888 0.053071517 -0.8565016 0.25702804 0.10509422 -0.27458984 -0.017471347 0.2010042
0.32457185 0.30554256 -0.5790028 0.53399676 0.6403083 1.1685566 1.852626 -0.008001349 -0.054263107 -1.5931531
1.1104004 0.64949465 -0.36643904 0.6227609 0.0007566117 0.2114125 1.4413903 -1.2284163 -0.58002174 -0.44353303
-0.76369536 -0.50329715 0.4511484 1.6045076 0.6648678 0.814434 0.5814743 -0.53054214 0.66442823 -0.5183716
0.19685511 0.661683 -0.21816148 0.33833045 -0.5365468 0.49083287 0.3091564 -0.3134569 0.08745248 -0.05364011
0.8811381 1.3780221 -0.21308745 0.21662878 -0.71453977 -0.8391143 0.34877166 -1.1886652 -0.87452257 0.75784665
0.54130197 0.690551 -0.08563253 0.8361379 0.28547865 -0.30036235 1.1227728 -1.1022298 -0.6539589 -0.14818573
-0.19195896 0.9479286 -0.16493762 -0.07718819 -1.3274026 0.4424743 -0.7375412 0.1642875 0.4133892 0.602729
-0.62043786 0.21864848 0.39821047 0.95708394 -0.4430245 0.2384057 -0.475514 -0.46264994 0.52532905 0.54648465
-0.4799582 0.45994112 0.15300556 0.46513584 -0.98952746 0.54544467 -0.7433089 -0.08895013 0.6633141 0.58039474
0.64356333 0.36466908 -0.39068627 0.45258597 -0.32540715 1.0897079 0.96991783 -0.47983652 0.13183397 -0.66962284
0.6837101 2.6595654 -1.1434098 -1.7091974 -2.0392113 -0.33746716 -0.48185322 0.88051057 -0.73236066 0.6600263
-0.92376846 0.009055153 0.9592354 1.730724 0.119802006 -0.69133556 -0.5614454 -1.2374716 0.2424138 1.0945332
-1.0660152 -0.76672727 1.0806539 2.09611 0.13775271 0.36494058 -0.5367753 -1.1867727 0.9899028 0.65396553
1.5909564 1.5752494 -1.1481166 -0.5365656 -0.4284634 0.36241642 1.7585516 -0.3277522 -1.0281203 -0.8939097
0.6729539 0.52213156 -0.41345268 0.47533357 -0.080836706 0.7609287 1.1954257 -0.5538566 -0.15381639 -0.7039079
-0.33798376 -0.8119239 0.70229584 2.0777164 0.6111576 0.72512466 0.636292 -1.412074 0.623875 -0.21369228
1.2039707 1.0299467 -0.0606313 0.5419892 -0.8777939 -0.5931426 0.34681785 -1.7567725 -0.6996547 0.8844753
1.2563633 1.6837357 -1.0811573 -0.9035746 -1.33735 0.60175043 0.6660099 0.107086666 -0.5000663 -0.28246424
-0.9093374 -0.70717216 0.72758204 1.8555179 0.4481291 0.7953923 0.11976891 -0.76504534 0.8925033 -0.1059925
0.84285676 1.1498708 -0.27716428 0.12611076 -1.0127107 -0.14571846 0.1753048 -0.90304285 -0.42540684 0.5655117
-0.8229699 0.0779188 0.726146 1.2678931 -0.5451455 -0.04507151 -0.9211662 -0.7877274 0.6297879 1.0546956
0.68699753 0.18642667 -0.20561047 0.653008 -0.51205236 1.1073842 0.7081245 -0.78670806 0.27233866 -0.37465245
0.11817959 1.2537866 -0.29511362 -0.29487258 -1.4922353 0.21150425 -0.68020755 0.06711339 0.12183051 0.7270372
0.66998297 1.1471045 -0.7843484 -0.4559927 -1.0019367 0.9449942 0.51582074 0.26673877 -0.036643635 -0.44169924
-0.9417081 0.46367246 0.23817928 0.53591996 -0.6933252 0.4279805 -0.80328846 0.2473007 0.6894799 0.49436074
-1.0198076 -0.12868904 0.7542007 1.3237997 -0.5365966 0.30032957 -0.9927667 -0.5880328 0.9150691 0.8977907
-2.5502918 0.4954565 0.64708257 0.36281237 -1.2053746 0.36307496 -2.5095422 1.4233313 1.5408142 1.2668648
1.0358375 1.9681777 -0.8382553 -0.7605619 -1.2344319 -0.31255275 0.36750913 -0.1664821 -0.8586231 0.31557935
-0.45128825 0.040251363 0.3780139 1.4441739 0.68994206 0.015006339 0.7158916 -0.8091988 0.008539952 -0.20299925
0.42248967 -0.16163823 0.05928313 1.4218438 0.70804614 0.65630835 1.541192 -1.2097679 -0.06882433 -0.81857693
0.91345227 0.7810152 -0.29903853 0.49140012 -0.3455912 0.15875523 0.9363824 -1.0438474 -0.44892728 -0.10135168
1.2100911 0.12198915 -0.40138763 0.87023216 0.1873775 1.0841217 1.8307744 -1.1920729 -0.19473295 -1.0560191
-0.8373295 -0.4918685 0.87567645 1.8454973 0.054074038 0.30053908 -0.35922077 -1.120948 0.7843708 0.56838185
-0.35011873 -0.16996893 -0.003015649 1.2138175 0.88483816 1.0017905 1.3260367 -0.21946365 0.2835847 -1.1796311
0.80179185 0.1357339 0.33083186 1.858068 1.1310642 -0.69557357 1.8372309 -2.2948449 -0.9484026 -0.20878035
0.16353701 0.89923126 -0.30961484 -0.068175025 -1.2807269 0.69311786 -0.33951718 0.0018063464 0.3522441 0.31220827
-0.15981919 0.2278812 -0.33082372 0.42469248 -0.2083197 1.4480455 0.634889 0.30761328 0.6010237 -0.88479894
-0.09305764 0.6669989 -0.32075936 0.095024765 -0.6628695 0.93597054 0.1076284 0.32724288 0.35736582 -0.27512187
-0.71122473 0.1504761 -0.016497243 0.23613489 -1.2396727 1.645371 -0.8874951 0.65628785 1.3190963 0.06283657
Channel 0 H:
-1.1042304 -0.6152385 -0.005144461 0.84014386 0.4478177 0.555148 -1.4631006 -0.08879411 -2.064975 0.88501954 -1.059812 -1.3056172 -0.7606651 -0.5024052 -0.6784225 -0.5737079 -0.22961852 -0.4000687 0.123244986 -0.3744079 -0.24686602 -0.08746735 1.5823792 0.8147246 -0.7030915 -0.008362372 0.9476307 -0.33708832 -0.76663613 -0.6485864 -0.14254147 0.20183377 -0.16733778 1.0681815 -0.16886395 -0.120125696 -0.8898503 0.650498 -0.4974758 1.2345239 2.1472197 0.27731594 -0.6057855 -0.64621055 0.49406514 -0.9231628 -0.3085429 -0.7801654 0.8818386 -0.28298694
-0.19535105 0.37750924 0.46053597 1.872599 0.45403624 1.1703651 0.00020259153 0.7611851 -0.4774243 1.7143337 1.211929 0.77020615 -0.048241053 -0.12536703 0.055507597 0.32485685 0.5190614 0.815453 0.4249777 0.45217058 0.6579598 0.5206772 1.738786 1.6046724 -0.20687707 0.5832408 0.8112607 1.4940778 0.17517793 0.601208 0.4717936 0.74625605 0.04207884 1.1475958 -0.22304425 0.9302138 0.005512258 1.7010374 0.62506926 0.9199273 2.224422 0.26097038 0.5408699 -0.35864756 1.0076774 0.11234534 0.22743134 -0.36761403 1.3105992 0.44356796
-1.4063026 0.15006506 -0.46102214 1.8875409 1.1496106 0.6143339 -0.59801257 0.40007815 -0.010765438 -0.4523439 1.6828452 0.85923946 -0.62374187 -1.3032023 -0.12804584 0.23238523 0.37835565 1.189273 -0.30431187 0.20405826 1.819191 0.98239815 -0.0128453355 0.8430478 -1.1168475 0.7454679 0.4738714 2.2820823 -1.2862717 0.95336175 1.6517606 -0.45411214 0.28895915 0.14120372 0.0982216 1.8123726 0.9536546 1.5967386 0.42891124 -1.00656 1.3725893 -0.095652334 0.81298876 -1.026149 1.4231858 1.3649956 0.72487974 0.6664726 -0.53485554 0.6150043
0.99565864 0.26250178 0.8933869 -0.07790685 0.72005063 0.51236606 0.11395456 0.17360365 -0.07607822 0.3781333 -1.3361037 -1.0134628 0.56051284 0.9590376 0.68796676 0.2495552 0.38179547 0.27704087 0.91617066 0.58040714 0.058731325 0.5481042 1.0279193 0.6940534 0.92024696 0.65813756 1.2163416 -0.86309713 0.8796275 0.005856948 0.269535 0.64308393 0.82368565 1.1008031 1.1532131 -0.084197834 0.34366533 0.07348594 0.237736 1.5159469 0.7491696 1.4042609 0.026946798 1.339108 0.53387845 0.04338643 0.47483945 0.71602404 1.0234749 0.37255153
-0.9398462 -0.3986023 -0.111398935 0.7146434 -0.58994824 0.398772 -0.6382967 0.2490437 -1.6054859 1.9688754 0.4185195 0.22756757 -0.43237188 -0.18868595 -0.9111825 -0.3671552 -0.2674083 -0.9206475 -0.10541935 -0.59508586 -0.90832937 -0.7949785 1.4920312 0.3632767 -0.42017812 -0.5607771 0.0036097388 0.25454554 -0.23203517 -0.50312907 -0.86870325 0.723446 -0.698866 0.6636475 -1.0915678 -0.3502388 -1.3790854 0.648892 -0.20961829 1.1523919 1.7112237 -0.66541934 -0.3284027 -1.0154672 -0.17336781 -1.2265675 -0.60135865 -1.5788457 1.160982 -0.31801456
0.35828057 0.60284656 0.28847554 0.24011426 -0.025742082 0.25015104 0.9621374 0.7222097 0.8931074 0.9434658 1.5428034 1.5896351 0.7711846 0.7202304 0.31901205 0.69386876 0.46678525 -0.038735844 0.29679394 0.25476608 0.16546524 0.056072097 0.16339204 -0.13249665 0.82538134 0.22233619 -0.04757407 1.0118471 0.75873315 0.7241195 0.32928053 0.9229059 0.43782365 0.212855 0.18038353 0.5533896 0.4290408 0.4842683 0.78040683 0.45338723 0.18831907 -0.02548723 0.9018617 0.38845748 0.22938961 0.67588985 0.6559509 0.3886411 0.5492995 0.72106636
-0.8686606 0.50799406 0.08213791 -0.041165438 1.8468274 0.11182647 0.03003043 0.87053114 0.6145858 -0.50622404 0.8384315 0.88341945 0.8743673 0.7522524 0.28124833 0.8808774 0.70454955 -0.67292726 0.5083703 -0.053272255 1.0095788 0.5666072 -0.6033453 -1.3771577 0.5581025 0.21466972 0.42980313 0.32243136 -0.9725432 0.24217917 1.3405126 0.32032266 1.3153647 -0.14275044 1.321803 0.72405225 0.76168406 -0.44511265 -0.09292514 0.019731313 -0.17641099 -0.03230967 0.4883876 -0.08106302 0.30325693 1.1055422 1.186007 1.3414222 -1.0856987 0.7395468
-0.65297675 -0.12207776 0.25764215 -0.019768668 1.3365372 0.2863135 -0.8232108 0.23608182 -0.8330955 -0.024550224 -1.0546349 -0.94717246 0.1970196 0.46031612 -0.0040328396 0.10288541 0.21658328 -0.6457448 0.56426334 -0.12856755 0.22539248 0.33018625 0.6157509 -0.2907109 0.30528447 0.27454275 1.1057942 -0.6945921 -0.58022505 -0.35237226 0.6298152 0.38429138 0.9198815 0.77199525 1.1217762 0.09618443 0.06077934 -0.14447613 -0.32660362 1.1667848 1.0121254 0.7276213 -0.1593255 0.282205 0.50351113 0.08749061 0.6229537 0.67345756 0.14157999 0.31352666
-1.6691424 -0.52173984 -0.13322924 1.287438 0.7056383 0.7091005 -1.5421624 0.22763726 -2.1837578 1.1451881 -0.28313294 -0.7077726 -0.8028396 -0.6707987 -0.90899485 -0.45349872 -0.09931371 -0.55351853 0.049710706 -0.5358111 -0.03711654 -0.13673972 1.583967 0.5977677 -1.135126 -0.31051832 0.6371806 0.032331858 -1.4574677 -0.7824357 -0.17005715 0.042164512 -0.42437115 0.7545905 -0.5918893 -0.06961119 -1.2210075 0.6159821 -0.7910761 0.80186313 2.1515334 -0.4569394 -0.7794161 -1.5460029 0.22778845 -1.161257 -0.56798244 -1.2799029 0.38199496 -0.51138574
-0.9939608 0.3557414 0.30305853 -0.32763892 1.3421258 0.21478324 -0.020573458 1.1512121 -0.2466148 1.1364495 0.7275386 1.0240554 1.1671884 1.4978936 -0.14062603 0.8269858 0.5847297 -1.9334449 0.7714886 -0.47674915 -0.14844677 -0.22048046 0.45212394 -1.6818397 1.1456709 -0.2510151 0.5169822 -0.18558224 -0.47665972 -0.22464266 0.50191206 1.3981351 1.2230036 0.48140723 1.0179182 0.076186754 -0.22192745 -0.5163765 -0.14571448 1.5882736 0.6676348 -0.18859965 0.32897854 -0.032011207 -0.092535004 0.19104593 1.021716 0.53092086 0.07105615 0.7140785

Channel 1 W:
-0.7241852 0.31848812 -1.2907084 -1.2355133 0.29590273 0.09088268 -0.869099 -1.2655606 0.3870737 -0.05023362
-0.69467485 -0.11975398 -0.6504062 -0.21875659 0.4564447 -0.23459296 -0.58560234 -0.6880673 0.7562874 -0.43080032
-0.47414026 -0.84557825 -0.6114332 -0.049327154 1.0068043 -0.8077116 -0.9599547 -0.7101714 1.1053444 -0.98958856
-0.5401572 -0.005271144 -0.9574152 0.035519227 0.60233444 -0.20117576 -0.3399648 -0.09109211 1.0015035 -0.39153248
-0.37289706 0.78727734 -1.0106754 -1.0030495 -1.0916222 1.3439931 0.9392115 -0.19984642 0.32005242 1.3948708
-1.0254307 -0.37003008 -0.07335633 -0.40493804 0.4243914 -0.7242444 -1.2874734 -1.6374154 0.33848664 -0.78477323
-0.9627039 0.64882356 -0.6840251 0.22831105 0.033931825 0.6061659 0.30201486 -0.06978923 0.92976457 0.037943985
-0.18198797 -0.46954468 -0.7985255 -0.6213887 0.052617766 0.023457034 -0.113066114 -0.49559113 0.8125446 0.11215425
-0.65140736 0.579227 -1.2028263 -0.3031654 0.39352798 -0.44145095 -0.7095039 -0.20300734 0.39095178 -0.14780934
-0.9813425 -0.9018542 0.290766 -0.6484867 0.13856588 -0.24647963 -0.9253463 -2.1138675 0.5920624 -0.64577097
-0.39673164 -0.63040864 -0.33096415 0.5081627 0.65852225 -0.93835795 -0.5607927 -0.01974071 0.9495061 -0.7254413
-1.1918794 1.3132802 -0.38699636 -0.5916808 -0.9950216 0.7295213 0.10667825 -0.83368194 -0.27100196 0.8369293
-1.0590456 0.046368755 -0.110312514 1.2117682 0.93516773 -1.1461892 -0.86411023 0.05173442 0.8481043 -1.194055
-0.67023593 -0.055899926 -0.6473761 0.22490577 0.45289677 -0.15865734 -0.21993738 -0.16470198 1.0222502 -0.40750057
-0.77952033 -0.40516165 -0.032527998 0.13241053 0.16691513 -0.21148846 -0.3085443 -0.74273473 0.8199553 -0.42995232
-1.3177179 -0.46587464 0.95070064 0.7180198 -0.010605691 -0.23341401 -0.32179672 -1.1745425 0.73048186 -0.75045204
-0.81130636 -0.4819595 -0.017109564 0.5414606 0.7570483 -1.3193874 -1.1541249 -0.5840071 0.61122715 -1.0769602
-0.42854682 -0.22160006 -0.9309099 0.38579488 0.6660964 -0.07225551 0.04654116 0.30290073 1.4240482 -0.42981622
-0.90381604 0.053518068 0.29572323 -0.37046504 -0.8241501 0.36594954 0.08389761 -1.1305351 0.15501012 0.4019891
-1.2112807 2.536303 -1.5363233 0.30786306 -0.110463515 -0.11989554 -0.31107652 0.8317331 -0.2950612 0.47083306
0.30278715 -1.8023341 0.6233337 -0.7820192 -0.9383161 -0.27406693 0.19970062 -1.077655 0.39087656 0.5330019
-0.6083412 -0.60778475 0.39425373 -0.12925708 -0.27440816 -0.7269166 -0.61014545 -1.0303748 0.1474829 -0.19152759
-1.2758406 0.25549313 -0.023100924 -0.24193807 -0.17649777 0.2910297 -0.35077047 -1.3309796 0.46491256 -0.17905718
1.1900223 -1.9594686 -0.6431478 -0.73074174 -0.21264358 -0.8176824 0.20252138 0.30411816 0.8603645 0.511119
-0.38719848 -0.35387743 -0.25460288 -0.4126532 -0.36142716 -0.031986468 -0.03342878 -0.61880267 0.4818877 0.25245154
-1.1670227 0.09917591 0.19135097 -0.3064562 -0.5748114 0.75785977 0.17628343 -1.318089 0.5672214 0.17453168
0.07474774 -0.8116379 0.2601819 0.3915649 -0.23340087 -1.5421879 -0.4966941 0.20091298 0.025113566 -0.047050864
-1.0545161 0.29197314 -0.052301604 -0.7346018 -0.6299119 0.29176468 -0.33407432 -1.4718643 0.022084683 0.29494208
1.4025258 -2.550241 -0.27819052 -1.0710069 -0.58144665 -0.5785209 0.45508224 -0.10963536 0.899381 0.7457368
-0.8696536 0.19351311 -0.069104746 -0.22317117 -0.5603117 0.42937165 0.17317775 -0.7655252 0.4309451 0.32008663
-0.13391927 -0.18440872 -0.9904901 -1.0834538 -0.5863127 0.9836794 0.6468074 -0.5175376 0.8566141 0.8674257
-2.0730884 1.1274279 -0.034511074 0.72556823 0.16575001 0.9598563 0.08279849 -0.909076 1.0433108 -0.55708367
-0.9840752 0.083565935 0.076075956 0.13596861 -0.29110113 0.23119019 0.05583525 -0.6997957 0.6109135 -0.024769772
-1.5430685 -0.09010186 1.0008733 0.8709231 -0.0052633374 -0.5117339 -0.5985827 -1.1615118 0.42409563 -0.8273316
-0.014606281 -1.1937625 0.94090754 -0.3074945 -0.9011073 -1.4076008 -0.64925337 -0.93391466 -0.5089562 0.25466982
-0.96710885 -0.57196254 0.67191464 0.2949665 -0.11954641 -0.5175948 -0.49609593 -1.1228182 0.45769674 -0.49968913
-0.81938314 0.3898403 -0.61090136 -0.26711 -0.6312165 1.7841159 1.2826003 -0.328487 1.3002502 0.72902954
-1.206043 0.2740755 0.31471178 0.3703074 -0.23970258 -0.1886961 -0.31149682 -0.77897775 0.30178735 -0.23578414
-0.25392836 -0.8762369 -0.08960306 0.46281725 0.3114771 -0.7119889 -0.18701835 -0.016268646 0.9942649 -0.45151696
-0.24786365 -0.7300299 -0.20080197 -0.12121768 -0.03501825 -0.4102521 -0.16732135 -0.41836682 0.71627915 -0.078927696
-1.1890389 0.3463031 -0.59512466 1.3277335 1.1775924 -0.5571063 -0.47419122 0.3550656 1.3993843 -1.2072018
-0.3447616 -0.29893085 -0.117932595 0.4307264 0.18730085 -1.4731079 -0.82684493 0.05512931 0.13770735 -0.3837307
-1.0800023 0.20126426 -0.08880129 0.5560469 0.080987506 0.16697817 0.06798473 -0.33300212 0.92596155 -0.31938413
-0.6731075 -0.52035385 0.46908796 -0.3361435 -0.65007466 -0.14678745 -0.18986176 -1.2012074 0.19641674 0.15598159
0.47245696 -0.32217157 -1.026495 0.7223467 0.32748607 -1.1612061 0.118160926 1.6748571 0.81039864 0.08777409
-2.4190109 1.1582531 0.722596 1.2452266 -0.0015413275 0.63709694 -0.06734921 -1.0747828 0.760798 -0.7764694
-0.60722053 0.3036917 -1.149359 0.27468526 0.48255193 0.22748265 0.17458504 0.3502055 1.2884744 -0.17875378
-1.2792699 -0.9343417 1.4397699 -0.32691103 -0.79712546 0.11956297 -0.3566855 -2.4242365 0.24590331 -0.23666531
-0.7603976 0.50077313 -1.1288699 -0.094941065 -0.08857129 1.448369 1.007754 0.0632043 1.5333077 0.40766764
-0.843769 -1.2512133 1.3822608 -0.016454456 -0.77263147 -0.06622006 -0.027978892 -1.7200887 0.4687288 -0.136637
Channel 1 H:
-0.0527291 -1.0301976 0.14706372 -0.18460879 -0.40816444 -0.28523842 -0.2351102 -0.38102782 -0.13622716 -0.22608851 0.5671833 -0.7201425 -0.5912209 -0.19927654 0.33045375 -0.8678754 -0.29058796 -0.28091085 -0.31252265 -1.0602669 -0.15637131 -0.839333 0.27131954 -0.3045514 0.50884336 0.17263226 -0.809291 0.94868296 -0.39707473 -1.1446826 -0.28460962 0.6391555 -0.79605913 -0.872099 -1.4745836 -0.5122519 -0.24275556 -0.2655792 -0.7381287 -0.9874955 0.6596971 1.0187154 0.081262164 -0.3286313 1.1053303 0.058270518 -0.43069282 0.14702024 -0.86654973 -0.08935063
-0.12537263 0.33353278 0.44649082 -0.63493186 -0.07792429 -0.15117626 0.3442727 0.026370766 -0.4048606 -0.20938393 0.7543862 0.123479776 -0.22148421 0.15016921 0.05884868 -0.14555238 0.627682 0.23292325 -0.39088544 -0.42631048 0.19786443 0.2618295 0.5294666 0.25282305 0.060299598 0.98714674 0.39861864 0.4086264 -0.13788256 0.16364004 0.38117555 0.61206245 -0.76897424 -0.43676364 -0.5722635 0.038297813 -0.025629068 -0.012852141 0.7682072 -1.0337027 0.094509035 0.8587091 -0.1712847 -0.1770703 0.6548526 0.7054732 0.37048417 0.54864556 -0.53713864 0.086179
-1.499927 1.0238029 0.5594971 -1.0322143 -0.10781865 -0.4326277 0.42288288 0.11465121 -1.2045218 -0.35900256 0.37458247 0.63740325 -0.13196662 -0.08395614 -0.6741154 0.30662405 0.4150587 0.19102375 -0.7164992 -0.50570744 -0.40195623 1.1012087 -0.056822184 0.24898577 -0.8212119 1.0259494 1.1598413 -0.60987365 0.0617516 0.63187397 0.38709363 -0.4203145 -1.0797845 -0.4569772 0.0033621872 0.45640022 -0.41642907 -0.31288418 1.3042444 -1.3971634 -1.0850679 -0.27997538 -1.1555449 -1.0752058 -1.2123221 0.8206834 0.36410537 -0.33738938 -0.43420535 -0.6027279
1.4112114 -1.6247163 0.023356704 0.9929713 -0.11697134 0.3029218 -0.5385268 -0.34269515 1.1229491 0.64175004 0.03918395 -1.03874 -0.060346995 0.08529906 0.93854326 -1.1254163 -0.41983575 -0.35010898 0.46349376 -0.3787716 -0.017651778 -1.6106617 0.347925 -0.56520987 1.6529706 -0.44766882 -1.7539073 1.4258728 -0.3111935 -1.2174037 -0.5696301 0.55125356 0.6890612 -0.13103709 -0.8937153 -0.78877854 0.24494556 0.4829585 -1.7392029 0.75158525 1.0617976 0.6547255 1.0419794 0.050925035 1.486559 -0.7358044 -0.74787706 0.22115947 0.121304065 0.27239653
0.6043852 -0.08658956 -0.39247593 -1.3416145 -0.7933232 -0.6793552 -0.73363507 -0.9629812 -0.53624165 -0.24913535 -0.9489892 -0.74392116 -0.4798189 -0.30576733 -0.8462464 -1.4685756 0.6882005 -0.6063616 -1.1368269 -0.3959471 -0.71278465 -0.95462763 -0.1438633 -0.9368917 0.08080616 0.43892115 -0.9080794 -0.7714008 -1.3943262 0.4991165 -0.51496947 -0.90520275 -0.29970428 -0.50866306 -0.30778995 -1.2911595 -0.5292336 0.19813874 0.16909173 -0.49980453 -1.861057 -1.1635146 -0.7321924 -1.5245414 -0.70363057 -0.86213505 -0.4648838 -0.077786095 -0.28748336 -0.7687495
-1.3979777 -0.7578594 -0.1202473 0.4117142 -0.18151964 -0.24747255 -0.34084976 -0.10174869 -0.3573506 -0.12908418 -0.28685543 -0.2095424 -0.2016676 -0.5155635 -0.1930998 0.05528204 -1.3415419 -0.42143822 0.05128685 -0.6553369 -0.7421798 -0.115812734 -0.7869407 -0.34101784 -0.42008805 -0.9332816 -0.30522257 -0.2028296 0.2630835 -1.0810529 -0.56112283 -0.69150734 -0.29446128 -0.37242442 -0.36151624 0.14334916 -0.47486058 -0.63640934 -1.110652 -0.22196719 -0.030159071 -0.5795231 -0.49603638 -0.60066426 -1.0883875 -0.34349802 -0.73062044 -1.2355613 -0.23152839 -0.64474684
2.131856 -0.112236835 -1.34356 -0.9610544 -0.5392613 -0.279153 -0.7105189 -0.82079023 0.33819908 -0.57187873 -1.1007787 -0.8518165 -0.42967185 -0.12980922 -0.46499708 -0.95730275 0.8724504 -0.40828696 -0.5357767 0.7605802 0.45968202 -1.243597 0.08342405 -0.5471606 -0.12962717 -0.38493997 -0.9859752 -0.7592103 -1.3366277 0.69592524 -0.30448085 0.06467769 0.44197407 0.20474797 0.13486472 -1.3460274 0.07697035 0.23890707 0.15447506 0.6347359 -0.51325023 -0.34616157 0.47827747 0.8241369 1.0367566 -1.0564961 0.06639953 1.079717 -0.04390323 0.43452302
-2.0412574 1.0324322 0.12756397 -0.10597855 0.27017048 -0.131425 0.43018866 0.5123411 -0.892821 -0.30101573 -0.10598892 1.0068859 0.23590706 -0.21636315 -0.6816447 1.3268981 -0.5328243 0.21685284 0.006056764 0.16014965 -0.34272343 1.5563368 -0.7289348 0.4612002 -1.4523687 -0.22052112 1.4956163 -1.1606084 0.8106711 0.45817095 0.27086055 -0.865481 -0.38774806 0.18943204 0.8890391 1.0941423 -0.29254484 -0.609608 0.76982707 -0.3402062 -0.67964417 -0.9028039 -0.97466356 -0.23818369 -2.0070724 0.5437102 0.2917483 -0.9956393 0.12958622 -0.48159924
-0.6413718 1.2336394 1.5296493 0.11594749 0.7021656 0.4570601 1.2486355 0.9473568 -0.18112603 0.49380547 1.6658436 1.1910145 0.5343037 0.7389628 0.59631413 0.94610983 0.9312062 0.99179554 0.2773313 -0.08794087 0.52633417 1.5770303 0.96899164 1.0854583 0.40007028 1.7802678 1.6234967 0.9620418 0.9704218 0.70710045 1.1315273 0.9534002 -0.46445176 0.077485666 0.1364774 1.2294488 0.4398257 0.39640427 1.56225 -0.818319 0.55065 1.3172635 -0.021252356 -0.05094939 0.4297284 1.7540102 1.0043695 0.5950058 0.06517642 0.37595275
0.72543615 0.22385465 1.1068105 -0.054603886 0.07855027 0.19403453 0.1804659 -0.015456463 0.24382557 0.9306638 0.41098437 0.02816206 0.3586957 0.5155454 0.3514379 -0.8135886 1.0292518 0.19975087 -0.18054552 -0.32272574 -0.27723125 -0.15654045 0.7525413 -0.16167234 1.4631196 1.484217 -0.2631968 0.8299246 -0.24847078 0.55893016 0.20714954 -0.0122590335 0.24317992 -0.076393336 -0.09376274 -0.25879234 0.17083092 0.98813766 0.4136132 -0.117372446 -0.71359473 -0.0033343735 -0.027980551 -1.4360934 0.015542066 0.22477286 0.0041535934 0.25692725 0.38146466 -0.24527797

Channel 2 W:
-0.21331559 0.0025158725 0.015739556 -0.14584996 -0.046409857 0.2190256 0.09169533 -0.63746196 -0.17481524 -0.526634
-0.65604365 0.9177075 0.24672344 -0.25059712 0.47966343 -0.5068223 -0.568878 -0.18540753 0.14145395 0.11905363
-0.040571 -0.48998863 0.122042194 0.12571843 0.0054327515 0.07886605 0.7311672 -0.7329458 -0.072785236 -0.42567435
1.570263 -1.2290572 -0.10850019 0.96883935 -0.49713647 0.71831274 1.7137508 -0.32661176 -1.1617258 -0.47138947
0.5893718 -0.24716397 0.25191486 0.67529356 0.08262208 -0.07115194 0.902231 -0.09537719 -0.45601505 0.07511468
0.49956122 1.0481309 0.39717573 0.65717655 0.6862477 -0.90630376 -0.00026898235 0.74288166 -0.47656783 0.9916244
1.7999539 -0.23732196 -1.0632454 -0.23836212 0.2454766 -0.43707702 0.518872 -0.33757484 -1.6792192 0.087542504
0.16309838 0.8088349 -0.72539306 -0.96052945 0.61196387 -0.8438742 -0.7264239 -0.52975166 -0.6851642 0.09980352
-0.67211926 0.8090514 0.63802385 0.2319428 0.678378 -0.8466524 -0.058364682 -0.014179205 0.4000258 0.5010517
1.4850341 -0.037277434 -0.04859738 0.8478749 0.18088013 -0.2504757 0.90896994 0.34363982 -1.1764092 0.43642497
0.20966852 -0.35846528 0.45228878 0.7235812 -0.11858462 0.2483261 0.95306367 -0.32281736 -0.21262325 -0.23942384
-0.54765826 0.16553795 0.12046258 -0.2861951 0.51714873 -0.6946632 0.1803004 -0.73901844 0.23687106 -0.0020441352
1.6318711 1.4073008 1.007884 2.2255127 0.011458638 0.13851316 0.3176519 2.0740523 -1.3464252 1.205263
-1.1096619 0.9614343 0.32181752 -0.4476853 0.6415601 -0.81375796 -0.5823248 -0.49910966 0.48203042 0.14652455
0.68726504 -0.5846967 0.5501734 1.1567684 0.034461286 -0.06931726 1.5151398 -0.067733735 -0.33550483 0.17829436
-0.81502694 0.2795293 0.36858547 -0.16897699 0.7535442 -1.0725468 0.2624677 -0.653129 0.5711884 0.3040631
-1.8272313 0.22505906 0.70206624 -0.37495267 0.5603406 -0.7100798 0.07329516 -1.1161462 1.2590214 -0.20275648
0.2819326 -0.86158776 -1.0041959 -0.999741 -0.5810299 0.8466673 0.2654222 -1.795602 -0.90455043 -1.5701643
1.4568689 0.77014744 -0.4600063 0.2585188 0.20594695 -0.28097963 -0.10335539 0.41993508 -1.5663289 0.4053971
-0.44277465 0.12023196 1.7197188 1.8480269 0.2614264 -0.27186915 1.3303008 0.5246356 0.7152224 0.6616879
0.9752389 0.6667746 -0.8390823 -0.4619833 -0.33902246 0.56912714 -0.678764 -0.3129079 -1.6230141 -0.61280745
0.1582511 -0.4896593 0.71361995 1.0127176 0.058258675 -0.06833308 1.347394 -0.24705635 0.031126508 0.057812706
-0.30585465 0.2574977 0.13567783 -0.0836953 0.23268102 -0.2800087 0.118545875 -0.5731811 -0.06563253 -0.14781336
-0.6695223 0.41474596 -0.9587422 -1.7493274 0.51305676 -0.73494303 -0.83958685 -1.5727293 -0.20895766 -0.59056914
0.5685233 -0.3063578 -0.782141 -0.5770681 -0.3979378 0.5525635 0.12470848 -1.1303684 -1.0812746 -0.98924625
0.0940978 0.47931033 0.19044401 0.22198239 0.36399537 -0.52852625 0.1920866 -0.15545723 -0.30199844 0.2749776
0.123867765 -1.3725076 -0.8478233 -0.87435466 -0.4511189 0.55293685 0.88766795 -2.0964284 -0.533533 -1.4848199
0.7254414 0.8110033 -1.0634953 -0.959953 0.14259693 -0.23205249 -0.8418834 -0.56914026 -1.3954916 -0.2826109
0.49462572 -0.075820595 -1.0328015 -1.0011696 0.025624877 -0.120179325 -0.11964139 -1.2192185 -1.0227947 -0.66016513
-0.7804579 -0.6869584 0.7967959 0.55137014 -0.023744658 0.021272533 1.2328898 -0.96517164 0.6724141 -0.4118295
0.54440194 0.18687987 -0.32432583 -0.06559616 -0.10758779 0.12576567 0.11173943 -0.48871836 -0.90149707 -0.33088148
-0.43854445 -0.99971396 -0.4651961 -0.8173393 0.0066480413 -0.12016513 0.7819061 -1.9223808 0.057008147 -0.9689595
-0.58058053 1.2964505 0.5174696 0.12250636 0.7393432 -1.0510013 -0.43379134 0.13685526 0.16823116 0.72327465
-1.4417986 0.06629854 0.4283323 -0.45216784 0.58507365 -0.8797234 0.25564057 -1.2231736 0.9697153 -0.12066236
-0.018226663 0.39581853 -0.1197852 -0.22114475 0.2646144 -0.42059404 -0.0074184225 -0.5528512 -0.37399924 -0.041209336
1.0977281 -0.26432022 -0.14112943 0.61870754 -0.7432989 1.0695324 0.63862187 -0.29541942 -1.3110437 -0.72519034
-0.27245498 -0.6346184 0.18945625 0.07910648 0.15425877 -0.3021788 1.0318388 -1.0744485 0.16784763 -0.31100613
0.38620687 1.3518213 -0.88017994 -1.0502002 0.78232914 -1.184415 -1.0884637 -0.2973675 -1.0030345 0.4418824
-0.7046651 0.17936553 0.81950265 0.5068193 0.55421203 -0.81422246 0.6983211 -0.35944808 0.61564153 0.40298495
0.33098355 0.44846666 -0.046339475 0.0771159 0.32899567 -0.5080013 0.14938208 -0.22683764 -0.55646884 0.21906449
-0.48112053 0.23567277 0.48514313 0.20419814 0.695775 -1.0377208 0.54203624 -0.42772037 0.3822382 0.46637455
-0.97929 0.2649068 -0.28483367 -1.0717808 0.4880906 -0.7165088 -0.31237456 -1.3747044 0.28145182 -0.39606607
-0.8026593 0.6615156 0.54423 0.062202856 0.5811709 -0.81425613 0.016689504 -0.36535472 0.42889392 0.31874174
-0.0889892 0.28136185 1.0802484 1.2315379 0.49588838 -0.7106947 0.9999466 0.3110188 0.2772389 0.76913923
-0.043994594 -0.20066653 -0.25243676 -0.35942256 0.10163476 -0.18888886 0.37232372 -1.0344547 -0.3145975 -0.43918854
-1.1250658 0.7477109 0.85849017 0.25866306 0.48647898 -0.62198603 -0.00881341 -0.29388842 0.6836556 0.24807811
0.839075 1.1941886 -0.4511058 -0.124262795 0.052253496 -0.03427828 -0.7479072 0.18277743 -1.3860768 0.07134666
-0.4322277 0.7690752 1.1911398 1.1589684 0.18302986 -0.15788849 0.36377722 0.4141272 0.25006524 0.43409804
0.16164808 0.3942071 0.850269 1.1278347 0.26225972 -0.39152622 0.76368654 0.31885308 -0.102539845 0.5619546
-0.092913195 0.79716474 0.4401216 0.4108141 0.3348056 -0.47639978 0.020879505 0.059912283 -0.20054586 0.37329653
Channel 2 H:
0.63463616 -1.0686293 -0.6172451 -1.1783907 0.6265096 -0.8206765 -0.14938112 -1.4891428 0.66527647 -0.700254 -0.22066647 0.0047107586 0.18768919 -1.383236 -0.4237299 -0.42541286 0.04663101 0.36519822 -0.019889144 0.6457586 -1.1397498 -0.2777021 -0.36753818 1.9297326 1.3313397 1.5142412 -0.27729157 0.08461999 -0.84632504 0.9760803 -0.50759023 0.1026833 0.6278246 1.871192 -2.1685336 0.91296643 -1.4972557 0.14838748 1.0484308 0.36032888 0.039423805 -0.23210146 -0.30796173 -0.8098118 0.18562068 -0.50248295 0.29665506 -0.7377559 0.50643224 -0.70886856
0.23646225 0.33134434 0.031854767 0.014126202 0.8380766 0.78176564 0.6463594 0.13420881 0.9423631 0.28038433 -0.13735726 -0.13780542 0.63561296 -0.13965473 0.6075156 0.21864472 0.80195516 0.5889072 0.47435158 1.1609055 -0.7769318 0.8237056 0.45803976 1.054375 1.6455753 0.7482457 0.16898505 0.43905652 -0.075609304 0.26113108 0.4951216 0.95927596 0.09091817 1.6670005 -0.83432525 0.5675727 -0.51799965 0.49773747 0.7648204 -0.2185121 -0.053847376 1.2347057 -0.5236914 -0.62411106 0.5241853 0.6443613 0.72949463 0.3245832 0.25011033 1.0930007
1.2458096 -0.4102838 -0.048553873 -0.5752072 0.5681689 -0.81621706 -0.20020749 -0.37226734 -0.68172425 -1.3009568 0.20754626 0.78885907 0.35076755 -0.6949213 -0.7024797 -0.18709075 0.03873701 0.6768981 -0.28990877 -0.67384213 -0.239262 -0.8396951 -0.91146076 1.2091731 0.13688755 0.24049908 -0.6121939 0.3723151 -0.14144129 1.4299357 -0.425003 -0.24299638 0.7155348 -0.24213034 -0.06396418 0.35015684 0.3798582 -0.12637198 0.20544553 0.92036414 0.46791798 -0.59778833 1.2035396 0.5454099 -0.11757954 -0.39069092 0.63063353 -0.3570934 0.7459575 -0.43400103
-0.33502838 0.2718488 0.6366305 0.74166685 -0.26021338 0.24481763 0.31293467 0.34842244 1.1199907 1.6877004 0.724915 0.34752455 -0.036451805 1.1151359 0.7390315 0.71159494 0.030850567 -0.24724637 0.6880291 0.7888005 1.3070947 0.7912368 1.2606025 -0.21901928 -0.359202 0.8901433 1.3980603 0.21752487 0.7513461 -0.14865951 0.6535761 0.2361785 0.5838639 0.5447364 0.6616574 0.5481202 0.15661849 0.6299416 0.49287325 0.5624351 0.48336107 -0.15067434 0.2169007 0.54548526 0.6359928 0.27989823 -0.34685722 0.49484137 0.09698797 -0.46748802
0.24369267 0.6414752 0.36699355 0.9803991 0.24067242 1.1715393 0.5756966 0.0077209696 0.8579762 1.1382699 0.8389733 0.09781111 0.28419584 0.4640795 0.8908392 0.45280713 0.21844761 0.12995611 0.80167615 0.77646834 1.2721145 0.5851147 0.76579756 -0.40058085 0.5110509 0.45932505 0.4442448 -0.25353247 0.15371794 -0.53823787 0.033291537 0.13045166 -0.041817978 0.4272982 0.01800579 0.2666464 0.050517567 0.38922626 0.5385121 -0.2202322 0.3665332 0.6300198 -0.82335174 0.16588221 0.168721 0.20854993 -0.5268562 0.17099693 0.20182337 0.30696097
-0.14146918 0.14231917 -0.52764326 0.51041764 -0.13233086 1.2026483 0.12173774 -1.0826646 0.2214124 0.28794467 0.23723352 -0.91420734 -0.3099134 -0.7471272 0.35836267 -0.45831656 -0.35533547 -0.35366163 0.3880128 0.41960227 0.8159782 0.02360315 0.09720595 -1.0399141 0.94261557 0.10780267 -0.3596145 -1.0266415 -0.7086225 -1.4236426 -0.87603146 -0.45986068 -0.790982 0.2926567 -1.045064 -0.14614749 -0.6211355 0.020233907 0.47075215 -1.0691745 0.24527249 1.1123948 -1.8522779 -0.23009981 -0.09366072 0.12733248 -0.82949364 -0.07482036 0.33643326 0.7421272
-0.093269624 0.7061674 0.047125798 0.23671444 0.48741302 0.9612662 0.48794553 0.7867395 0.014532206 -0.11279768 -0.4236834 -0.32996303 0.46220315 0.13819893 0.430806 0.10099178 0.67962027 0.39256993 0.07703705 0.35166255 -0.8340642 0.54945767 0.039618168 0.00013656495 0.8379289 -0.60441846 -0.3501144 0.22830215 0.0078433985 -0.27156782 0.44969106 0.7196777 -0.5845029 0.255854 0.043377288 -0.29028687 0.15321927 0.02192007 -0.19186133 -0.72928375 -0.4535634 1.1969956 -0.49642137 -0.55006397 0.0053650346 0.6386839 0.58107215 0.37423366 -0.27488622 1.4596308
-0.6067528 0.12157975 -0.029449375 -0.33746186 -0.341951 -0.42575362 -0.29777175 0.95003194 -0.9269306 -0.6400541 -0.8057221 -0.15681826 -0.11458458 0.34904927 -0.38798392 -0.097496085 0.018567404 -0.19855794 -0.75316447 -0.8787517 -1.1546313 -0.27525583 -0.5967731 -0.58300245 -1.1129833 -1.5568014 -0.64187694 0.04193591 0.018341823 -0.19863664 0.24652848 0.014683774 -0.70599073 -1.2953585 0.6741283 -1.0033042 0.32689822 -0.7112766 -1.3502132 -0.55222636 -1.0820127 -0.58130467 0.19230199 -0.60327524 -0.7535616 -0.2968777 0.009592096 -0.26833415 -1.200964 -0.09285124
-0.24411915 -1.033881 -0.8524514 -1.140361 0.18309557 -0.5389314 -0.22855492 -1.4655514 0.77458256 -0.33850977 -0.65908074 -0.6982893 -0.16581836 -1.3025818 -0.27137423 -0.5813011 -0.119109355 -0.15956047 -0.12161754 0.8034473 -1.4467629 -0.02808041 -0.16542768 1.1268817 1.1877666 1.0971023 -0.2721415 -0.30211446 -1.0401816 -0.0019275439 -0.47762188 0.09623309 -0.04687781 1.846146 -2.4300196 0.47670305 -1.9464768 -0.018847514 0.7037648 -0.4424729 -0.5029231 0.01530787 -1.2257211 -1.4268711 0.0221189 -0.4481019 -0.14458157 -0.74741805 -0.1341147 -0.51481485
-0.2991655 -0.22711404 -0.74444556 0.31323424 -0.69047946 0.60472596 -0.40107775 -1.3751005 -0.61326766 -0.23907848 0.12931406 -1.006054 -0.8395261 -0.9949178 -0.2540039 -0.83779013 -0.93861806 -0.73722005 -0.014452995 -0.4048805 1.1685203 -0.6016932 -0.3365003 -1.6066266 0.17618904 -0.27240553 -0.5172956 -1.243993 -0.7088129 -1.5208945 -1.2739048 -1.102251 -0.78438836 -0.65432644 -0.59157735 -0.4144875 -0.2509321 -0.21426734 0.14207022 -0.8322028 0.5376414 0.641926 -1.2999003 0.39712718 -0.18322839 -0.013532233 -0.9436079 -0.0380117 0.59078074 0.44120938

